run: True
layers: [100,100,100,100,100,100,100,100,100]
epochs: 10000
batch_size: 1000
learning_rate: 0.1
optimizer: 'gd'
classification: True
test_pct: 0.3
backtest_pct: 0.1
buying_pct: 0.05

accuracy: 0.499924
final_loss: 0.0
AMR: [-0.0382522363558,-0.102846531193,-0.0918694983369,-0.0101725186518,0.0332222102482,0.0361707832106,0.0464357292713,0.0922383053072,0.105416632879,0.115574427362,0.0965681286716]